Top 10
Precision:0.20477321592896762
Recall:0.20769934534501006
F1:0.206103957779242
NDCG:0.24844030177800525
